Fploss0.1:	5.88636
Fploss0.2:	7.10796
Fploss0.3:	8.67863
