Fploss0.1:	4.35629
Fploss0.2:	5.22819
Fploss0.3:	6.34951
