Fploss0.1:	4.99518
Fploss0.2:	6.01231
Fploss0.3:	7.32045
